plot_id,stand_id,clone,age2,SI,Dmean,DGM,Hmean,HGM,Hdom,N,G,V,f_veg_2m,f_havg,f_hstd,f_h10,f_h30,f_h50,f_h70,f_h90,f_h95,f_p10,f_p30,f_p50,f_p70,f_p90,f_p95,l_havg,l_hstd,l_h10,l_h30,l_h50,l_h70,l_h90,l_h95,l_p10,l_p30,l_p50,l_p70,l_p90,l_p95
1,1,3683,2.8,35.510,13.962,14.500,21.722,22.115,22.552,847.571,13.160,145.383,89.346,16.002,6.337,16.209,17.463,18.632,19.753,21.229,21.663,23.592,42.618,60.426,77.169,92.846,96.499,2.261,6.342,18.149,19.613,20.524,21.209,22.306,24.161,90.256,92.652,94.888,96.965,99.201,99.681
2,1,3683,2.8,36.242,14.520,14.900,22.147,22.298,23.016,828.736,13.862,154.377,95.742,17.108,4.954,16.085,17.460,18.723,20.205,21.423,21.795,18.894,39.207,58.150,75.771,92.168,96.133,1.731,5.656,18.726,20.628,21.193,21.602,22.107,22.342,92.676,94.370,96.064,97.658,99.253,99.651
4,1,3683,2.8,35.756,14.256,14.700,21.884,22.207,22.708,772.231,12.456,137.647,93.822,16.090,4.910,15.222,16.517,17.609,18.793,20.357,20.780,19.050,39.302,58.181,75.858,92.277,96.224,1.146,4.540,17.880,19.285,20.035,20.729,21.191,21.345,94.900,96.131,97.245,98.417,99.472,99.766
5,2,3684,2.8,32.697,14.483,15.200,20.241,20.541,20.765,866.406,14.430,152.313,98.391,15.630,2.769,13.963,15.106,16.167,17.222,18.397,18.711,13.903,35.396,55.363,74.134,91.708,95.916,1.652,5.067,15.238,17.231,18.137,18.624,18.978,19.311,91.727,93.735,95.622,97.390,99.157,99.598
6,2,3684,2.8,32.997,14.759,15.100,20.388,20.511,20.955,828.736,14.232,150.295,98.443,14.886,2.679,13.561,14.599,15.433,16.267,17.423,17.966,14.360,35.467,55.363,74.048,91.869,96.021,2.021,5.470,15.433,16.565,16.883,17.457,18.356,18.462,89.437,91.901,94.366,96.655,98.944,99.472
7,2,3684,2.8,32.913,14.254,14.900,20.241,20.450,20.902,866.406,13.959,148.063,96.049,15.324,3.742,13.542,15.359,16.497,17.460,18.586,19.004,16.523,37.716,56.897,74.928,92.026,96.049,2.743,6.328,14.561,17.133,18.075,18.678,19.298,19.542,86.261,89.640,92.793,95.721,98.649,99.324
8,2,3684,2.8,33.198,15.040,15.400,20.457,20.599,21.083,809.901,14.463,152.259,96.273,15.546,3.892,14.344,15.554,16.720,17.714,18.839,19.210,16.864,37.591,56.864,74.909,91.955,96.045,2.076,5.741,16.483,18.134,18.614,19.130,19.632,19.913,90.000,92.407,94.630,96.852,98.981,99.491
9,3,3722,2.5,38.443,15.186,15.700,21.846,21.500,22.522,791.066,14.464,160.893,93.462,15.289,5.357,14.096,15.657,17.443,18.982,20.421,21.027,21.346,41.923,60.577,77.308,92.885,96.538,3.492,7.405,17.507,18.934,19.646,20.195,21.051,21.294,84.072,87.849,91.461,95.074,98.522,99.343
10,3,3722,2.5,39.216,16.476,16.800,22.291,22.447,22.974,621.552,13.361,147.627,82.504,13.392,6.639,13.645,15.296,16.592,18.200,20.029,20.712,28.816,47.341,64.151,79.588,93.654,96.913,4.094,7.805,16.866,18.483,19.328,19.963,20.912,21.195,81.002,85.665,89.983,94.128,98.100,99.136
11,3,3722,2.5,38.775,15.928,16.400,22.041,21.500,22.716,602.717,12.128,133.989,87.100,13.432,5.918,13.152,14.948,15.918,17.317,19.725,20.210,26.304,45.151,62.580,78.820,93.413,96.752,2.995,6.771,15.941,17.801,18.818,19.743,20.448,20.667,85.681,89.192,92.471,95.612,98.568,99.307
12,3,3722,2.5,39.098,15.281,16.100,21.948,23.000,22.905,809.901,15.054,167.838,89.003,15.507,6.187,15.098,16.482,18.048,19.518,21.188,21.792,23.607,43.109,61.144,77.713,92.962,96.628,5.253,8.713,17.403,19.162,19.977,20.727,21.795,22.115,76.558,82.196,87.537,92.730,97.774,98.961
13,4,3720,2.7,36.195,15.251,15.800,21.155,21.639,22.411,734.561,13.557,117.657,87.673,14.507,6.389,14.311,16.142,17.880,18.925,20.045,20.507,26.289,45.409,62.390,78.113,93.082,96.604,4.272,7.939,17.482,18.545,19.392,19.903,20.750,21.106,80.258,85.032,89.548,93.806,98.065,99.097
14,4,3720,2.7,36.103,14.770,15.300,20.893,21.356,22.353,809.901,14.051,122.136,88.037,14.558,6.376,15.246,16.494,17.730,18.774,20.232,20.602,26.729,45.047,62.056,78.131,93.084,96.636,3.578,7.154,12.344,18.050,19.229,20.117,20.713,20.899,82.857,87.429,91.238,94.857,98.476,99.238
15,4,3720,2.7,36.406,15.214,16.000,21.232,21.749,22.541,791.066,14.636,128.273,91.870,15.775,5.737,14.914,16.628,18.378,19.508,20.691,21.183,22.133,42.199,60.197,76.833,92.575,96.382,4.464,8.197,17.768,19.149,19.854,20.549,21.277,21.558,79.867,84.674,89.243,93.670,97.953,99.000
16,4,3720,2.7,36.239,14.609,15.200,20.915,21.297,22.438,828.736,14.140,124.300,85.586,13.515,6.410,14.135,15.419,16.832,18.084,19.531,20.081,28.378,46.697,63.363,78.979,93.393,96.847,3.217,7.022,17.022,18.095,18.763,19.647,20.441,20.685,84.877,88.426,91.975,95.370,98.457,99.383
17,5,3731,11.8,36.759,21.784,24.800,34.223,37.321,40.367,828.736,32.633,613.979,85.333,26.313,12.342,25.888,32.564,33.625,34.347,35.119,35.487,28.708,46.125,62.000,77.458,92.625,96.333,2.360,7.898,19.826,27.302,32.800,34.645,35.361,35.532,93.083,94.976,96.614,97.998,99.345,99.672
18,5,3731,11.8,34.849,20.809,23.500,33.596,36.345,38.270,828.736,29.412,546.641,93.488,29.734,9.139,26.766,32.707,33.750,34.515,35.451,35.875,20.093,39.442,57.302,74.744,91.767,95.907,3.080,8.899,20.311,27.966,30.187,32.025,35.659,36.198,90.808,93.324,95.404,97.388,99.178,99.613
19,5,3731,11.8,36.688,21.787,25.000,33.958,37.465,40.289,866.406,34.535,651.786,94.040,29.566,8.830,26.612,32.064,33.167,34.148,35.723,36.326,19.726,39.262,57.379,74.929,91.911,95.979,3.597,9.433,19.981,26.076,29.634,32.364,35.481,36.146,88.973,92.028,94.597,96.900,99.026,99.513
20,5,3731,11.8,36.241,22.590,24.900,35.289,37.500,39.799,772.231,32.164,606.445,94.601,28.963,8.086,27.163,31.484,32.213,32.796,33.677,34.054,19.008,38.072,56.253,74.105,91.515,95.813,2.142,7.076,17.128,23.558,26.360,28.840,33.302,33.602,92.694,94.767,96.477,98.031,99.378,99.689
21,6,3731,11.8,34.786,22.174,24.300,35.049,37.027,38.200,791.066,31.370,587.464,96.022,32.370,7.990,32.339,33.995,34.803,35.766,36.785,37.163,17.010,36.351,55.144,73.525,91.358,95.748,4.163,10.204,21.993,27.662,29.876,32.388,36.804,37.229,87.785,91.007,93.960,96.644,98.926,99.463
22,6,3731,11.8,35.087,21.730,23.200,34.728,36.234,38.531,885.241,33.699,628.779,88.914,30.111,11.616,30.025,34.799,35.821,36.511,37.236,37.595,24.057,42.006,59.050,75.716,92.006,96.078,5.887,12.347,23.218,29.548,35.236,36.563,37.376,37.699,83.948,88.326,92.012,95.315,98.464,99.232
23,6,3731,11.8,35.437,21.724,23.300,34.682,36.308,38.915,847.571,32.342,603.982,92.833,32.239,10.081,32.736,35.445,36.434,37.126,37.933,38.216,20.193,38.965,56.883,74.403,91.581,95.848,4.639,11.143,23.549,29.658,32.274,36.941,38.263,38.360,87.255,90.715,93.714,96.367,98.847,99.423
29,8,3731,11.9,35.435,20.488,23.100,34.060,37.063,38.942,904.075,30.904,571.862,88.534,29.072,11.319,31.355,33.533,34.450,35.115,35.889,36.226,24.060,41.917,59.023,75.752,92.105,96.053,3.276,9.091,22.047,27.737,28.893,32.302,35.734,35.945,90.253,92.788,95.127,97.271,99.220,99.610
30,8,3731,11.9,36.212,20.807,22.800,34.383,36.790,39.796,847.571,29.952,556.291,90.155,30.072,10.979,31.829,33.910,34.879,35.656,36.532,36.861,22.644,40.788,58.228,75.246,91.983,96.062,2.257,7.794,21.655,27.064,30.226,34.099,36.029,36.612,93.314,95.203,96.802,98.110,99.419,99.709
33,9,3731,11.9,33.143,19.935,22.200,32.516,34.528,36.423,809.901,26.170,481.577,91.973,30.898,11.161,27.912,35.274,36.518,37.730,38.903,39.333,23.106,42.236,59.415,76.069,92.198,96.174,2.792,8.746,22.596,26.758,30.653,34.592,38.631,39.151,91.973,94.181,96.120,97.793,99.331,99.666
34,9,3731,11.9,33.952,20.537,23.100,32.625,35.231,37.312,866.406,29.975,555.925,90.798,30.255,10.739,31.109,33.678,34.923,35.811,36.748,37.116,22.192,40.595,58.187,75.237,91.881,96.076,2.197,7.669,11.863,28.318,31.184,35.327,36.793,36.829,93.629,95.429,96.953,98.199,99.446,99.723
35,9,3731,11.9,35.800,22.259,25.600,33.660,37.017,39.343,734.561,30.289,572.600,94.063,33.594,10.020,31.401,35.907,37.325,39.038,40.309,40.755,19.500,38.938,57.313,74.875,91.813,95.938,4.572,11.680,26.775,32.062,37.083,39.508,40.474,40.915,88.518,91.589,94.259,96.662,98.932,99.466
36,9,3731,11.9,33.145,20.060,21.500,32.226,33.956,36.426,941.745,30.640,563.586,86.985,30.290,13.060,30.094,35.730,37.110,38.179,39.084,39.409,26.289,44.072,60.567,76.675,92.397,96.263,1.487,6.714,25.209,31.010,33.035,36.618,38.820,38.857,96.139,97.169,98.069,98.842,99.743,99.871
38,10,3804,9.9,33.805,21.205,23.200,30.910,33.358,36.379,791.066,29.419,430.188,90.323,27.497,9.597,28.402,30.201,31.283,32.178,33.292,33.865,21.216,39.950,57.816,75.186,91.935,96.030,4.393,10.216,22.831,25.117,30.609,32.307,33.419,34.100,86.387,90.183,93.325,96.073,98.822,99.476
39,10,3804,9.9,34.215,21.205,24.600,30.660,34.570,36.820,772.231,29.359,432.130,91.693,27.290,9.467,27.072,30.349,31.598,32.560,33.517,33.969,22.292,40.904,58.465,75.499,92.008,96.109,3.418,9.189,19.785,24.887,30.595,33.157,34.198,34.701,89.408,92.327,94.912,96.997,99.083,99.583
40,10,3804,9.9,33.104,22.018,23.200,31.862,33.358,35.625,715.726,28.022,409.698,91.058,27.167,9.754,27.311,30.531,31.829,32.635,33.437,33.789,22.951,41.282,58.718,75.559,92.101,96.125,4.722,10.464,20.952,24.467,32.018,32.667,33.574,33.913,85.313,89.375,92.969,95.781,98.750,99.375
42,11,3684,2.8,35.197,15.885,15.900,21.617,21.525,22.353,734.561,14.583,159.110,97.011,16.122,3.702,14.519,15.831,17.038,18.305,19.502,19.958,15.884,37.062,56.704,74.893,91.973,96.072,2.781,6.608,16.453,18.470,19.103,19.604,20.233,20.486,86.884,90.058,92.982,95.906,98.663,99.332
44,11,3684,2.8,34.423,15.595,15.800,21.286,21.485,21.861,772.231,14.822,160.272,92.887,14.959,4.565,13.739,15.122,16.318,17.793,18.854,19.306,18.828,39.540,58.577,76.151,92.469,96.234,3.086,6.789,15.728,17.752,18.329,18.868,19.688,19.774,84.958,88.559,91.949,95.339,98.517,99.364
45,12,3684,2.8,34.595,15.722,16.200,20.939,21.148,21.971,696.891,13.677,145.391,92.766,15.604,4.791,14.413,15.808,17.169,18.407,19.712,20.110,18.865,39.433,58.440,75.887,92.340,96.312,3.736,7.477,17.151,18.393,19.045,19.742,20.440,20.669,82.540,86.724,90.765,94.517,98.268,99.134
46,12,3684,2.8,34.020,15.124,15.700,20.657,20.934,21.605,715.726,13.001,138.147,94.174,14.473,4.238,12.886,14.550,15.986,17.075,18.264,18.785,18.431,39.440,58.375,75.910,92.325,96.246,3.044,6.518,14.888,16.672,17.479,18.185,19.024,19.330,84.337,88.183,91.750,95.206,98.439,99.275
47,12,3684,2.8,34.004,15.415,16.000,20.709,21.064,21.595,734.561,13.908,147.420,96.443,15.287,3.664,13.458,15.028,16.365,17.455,18.715,19.203,16.206,37.681,57.181,75.099,92.095,96.179,2.623,6.183,14.550,16.963,18.049,18.769,19.533,19.761,86.870,90.186,93.103,96.021,98.806,99.469
49,13,3683,2.8,35.098,14.979,15.500,20.967,21.483,22.290,715.726,12.863,134.880,78.814,12.638,7.164,14.082,15.604,16.995,18.085,19.519,19.934,33.220,50.339,65.932,80.339,93.729,96.949,6.344,8.552,15.721,17.096,18.016,18.803,19.934,20.179,68.634,76.391,83.474,90.388,96.965,98.482
50,13,3683,2.8,35.259,15.091,15.400,21.255,21.423,22.392,828.736,14.924,157.130,88.268,13.994,6.467,14.643,16.089,17.340,18.643,19.876,20.296,28.142,46.299,63.059,78.631,93.156,96.648,5.220,8.348,16.762,18.033,18.886,19.506,20.383,20.680,75.194,81.201,86.855,92.297,97.527,98.799
51,13,3683,2.8,35.470,15.385,16.000,21.254,21.773,22.526,866.406,16.373,172.221,89.644,14.780,6.298,14.718,16.527,17.982,19.230,20.316,20.730,26.055,44.855,62.071,77.968,92.942,96.504,5.236,8.551,17.450,18.750,19.475,20.065,20.779,21.112,75.876,81.671,87.129,92.453,97.574,98.787
52,13,3683,2.8,34.849,15.091,15.900,21.145,21.716,22.132,809.901,14.644,153.586,82.055,13.076,7.148,14.801,16.150,17.185,18.528,19.762,20.124,32.706,49.542,65.268,79.932,93.536,96.816,5.019,8.240,16.701,18.204,18.892,19.554,20.170,20.491,76.139,81.872,87.310,92.504,97.599,98.824
53,14,3764,4.5,33.033,17.681,18.100,26.286,26.000,27.822,809.901,20.167,257.358,90.112,20.699,7.364,20.453,22.826,23.898,24.707,25.562,25.949,21.809,40.884,58.555,75.596,92.076,96.073,0.446,3.101,9.971,23.784,24.840,25.492,26.258,26.329,98.295,98.793,99.148,99.503,99.858,99.929
54,14,3764,4.5,33.130,17.551,18.500,26.290,26.879,27.903,772.231,18.978,242.825,91.813,20.277,6.940,20.190,22.221,23.207,24.084,25.127,25.498,21.611,40.625,58.451,75.572,92.121,96.127,0.662,3.833,21.165,24.279,24.898,25.673,26.338,26.535,97.635,98.204,98.730,99.255,99.781,99.912
55,14,3764,4.5,32.617,16.593,17.800,25.677,27.000,27.471,866.406,19.341,247.923,88.080,19.476,8.010,20.490,22.419,23.393,24.061,24.853,25.166,25.017,43.035,59.945,76.369,92.308,96.188,0.441,3.024,6.275,23.948,24.432,24.828,25.265,25.546,98.257,98.815,99.163,99.512,99.861,99.930
56,14,3764,4.5,32.463,16.740,17.500,25.882,26.385,27.341,847.571,18.901,241.930,91.860,18.653,6.694,18.438,20.773,21.810,22.473,23.429,23.881,22.825,41.580,59.058,75.978,92.259,96.169,1.175,4.995,22.389,22.734,23.341,23.869,24.240,24.410,95.516,96.557,97.598,98.559,99.520,99.840
57,15,13923,7.7,33.030,20.168,20.700,32.097,32.474,33.873,772.231,25.024,381.182,67.050,19.871,14.363,27.996,30.619,31.187,31.690,32.583,32.936,42.720,56.130,68.966,81.609,94.061,97.126,3.689,9.194,19.784,24.620,26.935,31.670,32.705,33.029,88.132,91.440,94.163,96.693,99.027,99.611
58,15,13923,7.7,33.406,21.400,22.100,32.745,33.233,34.258,678.057,24.648,376.506,73.956,22.333,13.908,28.563,31.125,31.974,32.454,33.099,33.293,36.978,51.889,65.805,79.722,93.439,96.819,4.278,10.509,23.694,30.699,32.304,32.696,33.360,33.370,87.602,90.854,93.699,96.138,98.780,99.390
59,15,13923,7.7,33.316,20.371,22.000,31.953,33.181,34.166,791.066,26.507,403.245,79.104,22.339,12.797,25.166,30.009,31.053,31.800,32.533,32.849,34.925,50.597,65.224,79.403,93.284,96.716,1.617,6.791,24.821,31.303,32.021,32.394,32.912,33.126,95.468,96.526,97.583,98.640,99.547,99.849
60,15,13923,7.7,32.958,19.230,20.800,31.288,32.531,33.799,753.396,22.516,341.126,69.470,19.377,13.955,26.272,29.665,30.600,31.285,31.957,32.195,42.820,56.404,69.211,81.759,94.049,97.025,2.879,8.411,21.440,27.444,30.992,31.607,32.144,32.282,91.248,93.565,95.495,97.426,99.228,99.614
61,16,3781,7.7,34.373,20.167,21.300,31.754,33.078,35.249,791.066,25.884,399.431,90.365,26.060,9.458,23.105,29.623,30.742,31.650,32.561,32.891,22.757,42.027,59.136,75.914,92.193,96.179,6.276,11.640,24.270,26.402,27.453,31.620,32.891,33.121,80.405,85.304,90.034,94.257,98.142,99.155
62,16,3781,7.7,33.715,19.852,20.900,31.384,32.689,34.575,828.736,26.084,394.715,95.875,27.837,7.128,23.259,29.734,30.879,31.676,32.664,32.984,17.837,38.239,56.522,74.359,91.639,95.875,6.157,11.169,21.627,25.909,26.764,27.721,31.525,32.758,79.705,84.807,89.456,93.878,98.186,99.093
63,16,3781,7.7,34.076,19.652,21.300,31.085,33.078,34.946,791.066,24.571,372.319,92.419,26.250,8.637,24.747,28.937,30.046,30.903,32.015,32.252,21.119,40.162,57.942,75.181,91.968,96.029,6.777,11.751,23.562,25.667,26.927,29.108,32.073,32.415,78.119,83.544,88.698,93.580,97.920,99.005
64,16,3781,7.7,33.729,19.661,21.300,31.220,33.078,34.590,772.231,23.997,364.988,91.390,26.122,8.745,25.034,28.980,29.944,30.686,31.575,31.825,21.299,40.181,57.855,75.076,91.843,96.073,6.654,11.410,21.767,24.822,26.261,27.782,31.779,32.086,77.845,83.460,88.619,93.627,98.027,99.090
65,17,3774,7.7,33.730,19.520,21.100,31.693,33.371,34.591,866.406,26.637,402.315,92.544,25.429,9.075,21.905,29.258,30.659,31.320,31.966,32.156,22.661,42.836,59.649,76.170,92.251,96.199,4.203,9.420,20.925,24.119,26.765,27.617,28.496,31.089,85.586,89.339,92.643,95.646,98.649,99.399
66,17,3774,7.7,33.727,19.293,20.200,31.564,32.645,34.588,847.571,25.434,383.444,85.271,24.009,10.858,22.592,29.732,30.566,31.094,31.697,31.962,27.287,45.736,61.705,77.209,92.558,96.434,4.925,10.192,20.882,25.150,26.846,27.825,31.652,31.962,83.516,87.755,91.523,95.133,98.587,99.372
67,17,3774,7.7,33.632,19.925,20.400,32.365,32.810,34.490,828.736,26.090,395.180,81.282,22.777,11.584,22.823,28.789,30.147,30.801,31.432,31.664,30.467,47.836,63.238,78.190,92.861,96.459,4.452,9.959,21.312,25.724,27.139,29.414,31.560,31.827,85.474,89.232,92.541,95.738,98.654,99.327
68,17,3774,7.7,33.601,19.682,20.100,32.057,32.562,34.458,847.571,26.039,391.562,94.497,25.826,7.784,22.109,27.432,29.928,30.674,31.556,31.874,19.545,40.607,58.444,75.332,92.030,96.015,2.811,8.010,18.598,25.245,26.589,27.449,30.709,31.048,90.559,93.064,95.183,97.303,99.229,99.615
69,18,3688,7.7,34.097,19.645,21.700,31.369,33.541,34.967,828.736,26.048,401.691,81.929,24.116,12.458,24.845,30.660,32.027,33.011,33.893,34.194,31.283,48.368,63.705,78.588,93.014,96.507,1.007,5.158,18.336,25.548,31.976,33.846,34.206,34.275,96.927,97.794,98.582,99.133,99.764,99.921
70,18,3688,7.7,34.588,20.417,21.700,32.316,33.541,35.470,791.066,26.419,410.215,88.706,26.111,10.330,26.670,29.711,31.124,32.288,33.203,33.643,24.342,42.763,59.868,76.316,92.325,96.162,0.949,4.764,19.518,24.407,24.978,26.104,32.626,33.419,96.753,97.648,98.432,99.104,99.776,99.888
71,18,3688,7.7,34.832,20.833,22.400,32.532,34.081,35.721,753.396,26.277,409.592,87.547,24.817,10.771,24.180,29.176,30.900,31.944,33.057,33.438,26.783,45.056,61.514,77.347,92.616,96.370,1.421,6.200,22.766,26.273,31.642,32.696,33.279,33.506,95.756,96.913,97.878,98.714,99.614,99.807
72,18,3688,7.7,34.628,19.945,21.500,31.836,33.383,35.511,753.396,24.128,373.183,88.707,26.352,10.329,26.498,30.055,31.316,32.096,32.934,33.383,23.879,42.241,59.310,75.948,92.155,96.121,1.147,5.289,19.553,22.835,24.309,31.085,32.552,33.738,96.123,97.181,98.150,98.943,99.736,99.912
73,19,3781,7.7,33.719,19.874,21.500,31.012,33.000,34.579,791.066,25.274,381.234,95.708,27.664,7.470,23.866,29.542,30.967,32.021,32.973,33.394,18.312,38.913,57.225,74.821,91.845,95.994,6.588,11.702,21.591,26.257,27.844,29.391,33.342,33.879,79.209,84.480,89.458,93.997,98.097,99.122
74,19,3781,7.7,33.867,20.148,20.800,31.334,32.099,34.731,791.066,25.695,387.172,91.344,26.747,8.920,24.067,29.758,30.616,31.444,32.468,32.848,21.059,40.181,57.881,75.194,91.990,95.995,7.438,12.103,23.753,26.233,27.270,28.747,32.379,32.848,76.115,82.021,87.664,92.913,97.769,98.950
75,19,3781,7.7,33.870,20.168,22.100,31.052,33.191,34.734,772.231,25.445,383.214,93.590,27.309,8.215,24.277,29.735,30.990,31.837,32.833,33.283,19.551,39.583,57.532,75.000,91.827,95.994,6.972,11.720,21.487,26.160,27.329,28.323,32.533,33.279,77.414,83.142,88.380,93.290,98.036,99.018
76,19,3781,7.7,33.363,20.291,21.200,31.500,32.443,34.214,809.901,26.556,400.085,96.565,27.540,6.855,23.740,29.456,30.390,31.161,32.096,32.444,17.305,37.913,56.275,74.108,91.546,95.905,6.751,11.634,23.190,25.895,26.821,28.379,32.349,32.553,78.121,83.624,88.725,93.691,97.987,99.060
77,20,3688,7.7,35.693,20.941,22.600,32.861,35.000,36.604,772.231,27.299,431.492,88.489,26.473,10.866,26.764,30.569,31.920,33.057,34.142,34.435,25.180,43.453,60.432,76.691,92.374,96.259,1.202,5.429,18.477,23.879,26.012,32.693,33.566,33.656,96.188,97.214,98.240,98.974,99.707,99.853
78,20,3688,7.7,35.509,20.925,22.400,32.970,34.548,36.415,753.396,26.574,421.929,88.655,26.649,10.629,27.195,30.558,31.912,32.902,33.748,34.182,24.650,42.857,59.804,76.331,92.297,96.218,1.009,4.962,17.925,23.301,25.571,32.732,33.933,34.334,96.684,97.613,98.408,99.204,99.735,99.867
79,20,3688,7.7,35.743,20.072,21.900,32.215,34.117,36.655,809.901,26.514,418.391,81.953,24.748,12.134,27.482,30.110,31.337,32.422,33.518,33.837,28.994,46.154,62.278,77.663,92.751,96.450,1.353,5.949,18.490,24.612,32.029,33.549,34.093,34.095,95.909,97.121,98.030,98.939,99.697,99.848
80,20,3688,7.7,35.704,20.520,22.600,32.302,34.717,36.615,772.231,26.501,418.458,85.082,25.172,11.747,25.950,30.600,31.695,32.728,33.745,34.077,28.200,45.717,61.886,77.478,92.685,96.343,0.566,3.635,17.152,21.896,24.793,28.047,33.348,33.745,98.065,98.586,99.107,99.479,99.851,99.926
81,21,4065,7.9,38.742,19.839,22.800,31.229,35.065,39.973,772.231,25.545,376.959,93.816,29.343,8.834,27.858,31.535,32.925,34.003,35.288,35.806,19.910,39.216,57.466,74.962,91.855,96.078,4.446,10.328,21.886,25.760,27.891,33.239,35.821,36.479,86.175,90.015,93.395,96.313,98.925,99.539
82,21,4065,7.9,37.990,19.022,24.300,29.964,36.536,39.197,847.571,26.257,382.801,93.006,28.775,9.325,26.458,31.023,32.670,34.452,35.811,36.286,20.982,40.476,58.631,75.744,92.113,96.131,4.758,10.660,22.405,26.233,28.819,32.252,35.454,35.675,85.340,89.352,92.747,95.988,98.765,99.383
83,21,4065,7.9,37.369,20.280,23.600,31.768,35.862,38.557,772.231,26.039,381.288,94.364,29.770,9.331,24.912,32.108,34.484,35.680,36.759,37.129,20.446,40.891,58.716,75.623,92.136,96.068,5.731,11.601,20.103,26.385,29.018,34.861,37.020,37.260,82.644,87.583,91.722,95.327,98.531,99.332
84,21,4065,7.9,37.696,20.071,24.600,31.361,36.819,38.894,791.066,26.854,397.886,93.871,29.202,9.418,24.217,31.754,34.011,35.237,36.350,36.782,21.076,41.256,58.894,75.785,92.078,96.114,4.565,10.917,22.739,26.933,34.071,35.327,36.483,36.771,87.043,90.701,93.750,96.341,98.780,99.390
85,22,3791,7.9,34.049,19.749,21.100,31.035,32.912,35.131,772.231,24.236,360.893,83.192,23.707,11.900,22.618,29.664,31.145,32.299,33.343,33.926,30.367,48.164,63.701,78.672,93.079,96.610,2.437,7.852,19.511,25.340,28.957,33.341,34.413,34.694,92.450,94.587,96.439,97.863,99.430,99.715
86,22,3791,7.9,34.546,19.554,20.800,30.742,32.583,35.644,772.231,23.859,354.027,91.981,26.802,9.574,23.010,30.561,32.089,32.817,34.230,34.894,22.374,42.743,59.824,76.343,92.382,96.231,1.947,7.110,21.657,26.273,30.568,32.902,34.665,35.408,94.089,95.709,97.085,98.300,99.514,99.757
87,22,3791,7.9,33.051,19.143,20.100,30.629,31.800,34.101,885.241,25.907,380.511,93.175,26.017,9.065,20.716,29.602,31.157,32.059,33.292,33.787,21.839,42.888,59.986,76.437,92.385,96.264,2.465,7.639,20.431,24.053,25.522,31.403,33.492,33.787,91.789,93.992,95.995,97.797,99.332,99.666
88,22,3791,7.9,34.241,19.322,20.500,30.698,32.251,35.329,866.406,26.029,385.090,88.674,25.357,10.521,22.562,29.995,31.050,32.015,33.123,33.491,25.869,44.273,60.875,76.963,92.535,96.268,2.671,8.124,21.949,25.011,28.415,31.185,32.817,33.165,91.590,93.824,95.795,97.635,99.212,99.606
89,23,3804,9.1,33.064,18.662,19.700,30.134,33.500,35.108,791.066,22.324,331.683,82.653,24.033,11.750,25.192,29.843,30.857,31.534,32.311,32.563,29.365,46.372,62.245,77.664,92.744,96.372,4.463,9.737,18.660,25.876,27.302,29.007,31.161,32.249,85.325,89.112,92.426,95.621,98.698,99.408
90,23,3804,9.1,33.571,19.496,20.200,30.997,32.041,35.646,847.571,25.845,385.751,92.180,26.435,9.291,23.887,28.542,31.447,32.523,33.612,33.952,22.256,42.256,59.699,76.241,92.256,96.165,5.550,10.626,20.133,24.733,27.380,28.829,32.294,33.423,81.647,86.480,90.785,94.713,98.338,99.245
91,23,3804,9.1,33.866,20.112,21.200,31.664,32.000,35.960,809.901,26.183,394.401,88.228,23.776,10.565,20.961,27.671,30.530,31.731,32.784,33.324,27.075,46.910,62.919,78.164,92.878,96.527,5.860,10.755,17.756,24.198,27.129,29.528,32.577,33.047,80.335,85.826,90.324,94.456,98.274,99.163
92,23,3804,9.1,34.278,19.513,21.200,30.911,33.065,36.397,734.561,22.871,345.783,82.704,23.734,12.264,21.473,28.530,32.448,33.699,34.717,35.146,31.303,49.939,65.043,79.415,93.301,96.711,4.966,10.036,12.881,24.272,28.168,30.369,33.459,34.611,83.193,88.340,92.122,95.483,98.634,99.370
94,24,3804,9.1,34.487,22.009,22.400,34.097,34.564,36.619,828.736,31.742,498.502,95.054,28.333,7.976,25.319,30.771,31.813,32.572,33.351,33.761,18.879,38.747,56.884,74.444,91.674,95.878,3.710,9.450,24.201,26.657,27.801,32.376,33.275,33.770,88.521,91.431,94.179,96.686,98.949,99.515
95,24,3804,9.1,34.821,21.295,22.900,33.025,35.027,36.974,791.066,28.938,450.039,98.792,31.037,4.851,28.319,31.823,32.554,33.151,33.858,34.194,14.199,34.290,53.474,72.508,90.937,95.619,6.157,11.913,26.814,27.997,28.704,32.414,33.738,34.203,81.705,86.202,90.543,94.574,98.295,99.225
96,24,3804,9.1,34.624,21.522,22.200,33.632,34.376,36.765,847.571,31.261,490.146,98.857,31.621,4.625,29.055,32.065,32.956,33.753,34.580,34.983,13.857,34.143,53.571,72.571,91.000,95.571,6.255,11.949,25.314,27.962,28.968,32.461,34.309,35.215,81.414,85.995,90.445,94.503,98.298,99.215
97,25,3802,9.1,35.211,23.931,25.200,34.910,35.970,37.388,791.066,36.388,623.581,93.692,29.138,10.100,31.082,32.914,33.636,34.296,34.994,35.218,22.308,40.308,57.846,75.077,91.846,96.000,6.789,12.193,15.477,27.504,33.581,34.660,35.253,35.535,80.031,85.803,90.328,94.228,98.128,99.064
98,25,3802,9.1,34.693,22.247,23.900,33.843,35.225,36.838,809.901,32.399,544.731,95.974,31.859,7.741,32.611,33.741,34.245,34.811,35.451,35.709,16.747,35.910,54.589,72.947,91.143,95.652,8.591,13.608,22.850,27.946,33.494,34.732,35.561,35.803,75.447,81.951,87.805,92.846,97.724,98.862
101,26,3774,9.1,33.217,18.692,20.100,31.099,32.808,35.270,922.910,26.176,394.177,89.355,25.750,9.671,24.702,29.469,30.299,30.896,31.770,32.085,23.388,41.529,58.771,75.562,92.054,96.102,5.632,10.909,20.469,25.008,26.756,30.796,31.982,32.242,81.623,86.524,90.812,94.793,98.315,99.234
102,26,3774,9.1,32.117,17.763,19.300,30.141,32.057,34.102,979.415,25.050,370.295,91.948,25.675,8.463,24.120,28.689,29.401,29.873,30.715,30.913,21.169,39.870,57.532,74.805,91.818,95.974,3.686,8.917,18.667,23.309,25.555,29.609,30.891,31.220,87.295,90.847,93.852,96.448,98.907,99.454
103,26,3774,9.1,32.294,19.340,20.500,31.750,33.170,34.290,809.901,24.310,367.625,89.255,24.972,9.730,23.428,28.960,29.943,30.592,31.340,31.539,24.298,42.613,59.585,76.068,92.186,96.093,2.798,7.815,18.691,23.533,26.272,27.597,30.585,30.804,90.238,92.857,95.119,97.262,99.167,99.643
104,26,3774,9.1,33.078,19.043,20.500,31.492,33.170,35.123,960.580,28.146,425.272,94.131,26.530,8.186,23.232,28.867,30.741,31.442,32.197,32.501,20.138,40.506,58.228,75.259,91.945,95.972,4.734,10.209,20.561,25.500,27.239,30.466,32.256,32.568,84.570,88.693,92.226,95.642,98.587,99.293
106,27,3804,9.1,33.642,20.259,25.100,27.977,33.405,35.722,828.736,29.792,409.325,90.555,25.312,9.192,25.226,28.271,29.528,30.489,31.630,32.037,22.904,41.558,59.032,75.915,92.208,96.222,5.876,11.568,21.146,29.199,30.483,31.510,32.365,32.853,82.494,86.811,90.767,94.604,98.321,99.161
108,27,3804,9.1,34.402,19.809,24.500,28.017,32.945,36.528,847.571,28.910,397.076,90.678,25.618,8.560,25.665,27.901,28.873,29.833,30.759,31.214,20.480,39.548,57.486,75.000,91.949,96.045,4.304,9.945,20.590,28.338,29.062,29.757,30.759,32.207,86.569,89.927,92.993,95.912,98.686,99.416
109,28,3804,9.1,33.853,21.005,21.100,33.743,33.933,35.945,828.736,28.946,458.688,82.318,25.250,12.577,30.025,31.531,32.297,32.828,33.580,33.915,29.764,46.071,61.886,77.407,92.633,96.365,5.856,11.609,25.477,27.226,28.253,32.612,33.467,33.932,82.371,86.753,90.936,94.821,98.307,99.203
110,28,3804,9.1,34.217,20.922,22.000,33.341,34.638,36.332,866.406,30.524,482.534,91.039,26.567,10.352,24.189,30.979,32.087,32.971,33.865,34.167,24.456,43.216,60.050,76.382,92.295,96.147,10.102,13.867,23.758,27.435,30.012,33.045,34.053,34.271,69.966,77.711,84.768,91.050,97.074,98.537
111,28,3804,9.1,34.226,21.100,21.800,33.799,34.484,36.342,828.736,29.357,466.508,93.607,26.834,9.213,24.190,30.433,31.423,32.237,33.186,33.652,21.954,41.496,58.866,75.633,92.039,96.140,6.085,11.456,21.653,26.941,28.398,32.120,33.231,33.807,81.158,86.084,90.517,94.581,98.276,99.138
112,28,3804,9.1,34.988,22.170,23.100,34.784,35.451,37.151,809.901,31.612,507.591,87.572,27.786,11.797,25.947,33.107,34.207,35.023,36.042,36.373,26.083,44.235,60.670,76.778,92.396,96.239,9.722,14.130,25.607,28.492,30.367,34.672,36.057,36.311,72.227,79.278,85.899,91.917,97.334,98.710
113,29,3804,9.1,34.383,21.909,22.900,33.968,34.732,36.509,828.736,31.832,500.841,85.374,26.334,11.243,29.804,30.917,31.460,31.988,32.735,33.104,25.022,42.291,59.207,75.771,92.070,96.123,10.354,14.253,24.172,31.117,31.771,32.342,33.073,33.308,69.965,77.583,84.151,90.630,96.935,98.511
114,29,3804,9.1,32.504,20.311,21.000,32.769,33.393,34.513,866.406,28.352,440.121,84.072,24.012,10.556,27.176,28.232,28.861,29.411,30.114,30.407,25.430,42.715,59.548,76.018,92.127,96.109,6.357,11.687,21.991,28.916,29.494,29.946,30.486,30.733,80.222,85.120,89.464,93.808,97.967,98.983
115,29,3804,9.1,32.686,19.340,21.000,31.646,33.393,34.706,885.241,26.764,411.939,82.972,23.560,10.926,27.291,28.277,28.896,29.420,29.971,30.199,26.870,43.701,60.236,76.378,92.224,96.161,6.954,12.111,22.308,28.990,29.467,29.806,30.244,30.414,78.660,83.711,88.454,93.093,97.732,98.866
116,29,3804,9.1,32.083,19.595,20.100,32.100,32.703,34.066,809.901,24.679,379.988,81.729,22.364,10.662,26.051,27.057,27.644,28.132,28.769,29.100,27.435,44.265,60.634,76.657,92.392,96.254,7.323,11.950,21.437,27.568,28.051,28.499,29.103,29.337,76.411,81.996,87.285,92.454,97.564,98.812
117,30,3804,9.1,37.649,21.239,23.100,34.804,36.995,39.977,828.736,30.479,512.176,96.376,30.146,7.836,27.151,31.804,33.326,34.426,35.570,35.930,18.060,38.106,56.634,74.401,91.701,95.909,6.426,11.631,18.435,25.060,28.906,31.649,35.531,35.942,79.645,85.407,90.199,94.453,98.223,99.138
119,30,3804,9.1,36.212,19.778,21.600,33.348,35.617,38.450,866.406,27.818,461.876,88.164,27.978,10.637,28.910,31.476,32.641,33.425,34.523,35.014,22.947,41.304,58.696,75.604,92.029,96.135,5.563,10.837,20.970,25.310,28.072,30.064,32.763,33.500,82.045,86.783,91.022,94.763,98.379,99.252
120,30,3804,9.1,37.658,21.125,22.900,34.548,36.817,39.986,753.396,27.563,460.739,84.730,27.433,12.266,27.734,32.650,33.747,34.859,36.282,36.682,26.892,44.730,61.216,77.162,92.568,96.351,5.448,11.527,24.158,28.071,30.728,32.816,35.622,36.434,84.218,88.299,91.973,95.374,98.639,99.320
121,31,3720,5.6,36.924,19.859,22.000,30.924,32.985,34.247,866.406,27.972,367.048,96.635,25.385,8.577,25.012,28.508,29.602,30.553,31.584,31.917,23.149,41.454,58.883,75.774,92.127,96.097,5.773,11.804,28.718,30.471,31.109,31.548,32.273,32.511,83.310,87.183,90.915,94.648,98.239,99.155
122,31,3720,5.6,36.188,19.961,20.400,31.281,31.820,33.564,828.736,26.255,342.250,92.130,24.615,9.409,26.746,27.998,29.047,29.825,30.799,31.186,23.964,41.953,59.172,75.917,92.130,96.095,5.024,10.572,11.847,29.245,30.112,30.558,31.247,31.421,84.554,88.482,91.879,95.170,98.408,99.204
123,31,3720,5.6,36.616,20.518,22.000,31.740,32.985,33.961,753.396,25.416,334.811,88.596,23.762,10.735,27.195,28.446,29.599,30.346,31.169,31.460,27.745,44.851,61.191,77.021,92.511,96.340,7.008,12.333,27.841,30.117,30.602,31.048,31.499,31.683,79.399,84.206,88.841,93.391,97.854,98.970
124,31,3720,5.6,36.196,19.805,20.700,31.115,32.047,33.572,809.901,25.380,331.063,85.472,22.742,10.887,26.531,27.830,28.775,29.643,30.646,31.151,29.312,45.964,62.107,77.655,92.778,96.432,5.445,10.824,15.432,29.247,29.855,30.560,31.351,31.578,83.231,87.511,91.179,94.847,98.341,99.214
125,32,14545,6.2,37.177,20.776,21.300,31.795,32.517,35.789,847.571,29.532,445.857,91.520,25.452,10.018,23.543,29.286,30.874,31.946,33.022,33.534,25.188,43.653,60.562,76.769,92.474,96.287,5.489,11.939,29.428,32.009,32.627,33.207,33.951,34.263,84.910,88.411,91.816,95.128,98.439,99.243
126,32,14545,6.2,35.964,20.468,21.800,31.824,32.907,34.621,828.736,27.792,419.808,90.194,25.192,10.760,25.389,30.009,31.067,32.155,33.406,33.749,27.046,44.785,61.274,77.202,92.567,96.315,6.643,12.961,30.592,32.294,32.969,33.485,34.007,34.227,81.905,86.061,90.153,94.182,98.082,99.041
127,32,14545,6.2,35.951,20.822,20.800,31.473,32.117,34.609,696.891,23.967,355.022,88.457,23.784,11.159,21.059,29.082,30.853,31.860,33.066,33.418,29.753,47.346,63.086,78.272,92.901,96.481,4.677,11.265,30.701,32.140,32.758,33.186,33.587,33.871,87.163,90.122,93.027,95.827,98.627,99.366
128,32,14545,6.2,36.523,20.484,22.500,31.847,34.500,35.159,828.736,28.014,423.938,94.025,26.690,9.087,25.759,29.610,31.039,31.952,33.044,33.517,22.188,41.125,58.699,75.659,92.091,96.090,6.749,12.945,30.643,31.846,32.429,33.053,33.838,34.250,81.407,85.678,89.908,94.012,98.074,99.037
129,33,3762,5.6,35.348,18.117,19.600,29.826,31.478,32.785,885.241,23.315,330.277,80.595,21.134,10.961,24.772,26.597,27.360,28.076,29.001,29.397,30.789,47.219,62.872,78.137,92.885,96.507,2.029,6.130,1.847,17.597,24.125,27.963,28.653,28.761,89.474,94.342,96.447,97.895,99.342,99.737
130,33,3762,5.6,35.407,18.435,19.400,30.240,31.297,32.840,809.901,21.925,311.503,73.171,18.475,12.088,24.945,26.276,27.151,28.028,28.686,28.899,39.024,53.354,67.226,80.640,93.750,96.951,1.477,5.540,1.204,19.546,28.236,28.693,28.940,29.300,91.846,96.308,97.538,98.615,99.538,99.846
131,33,3762,5.6,35.939,18.198,19.400,29.748,31.297,33.334,828.736,22.203,314.957,83.012,21.285,10.293,23.939,25.672,26.751,27.637,28.435,28.827,28.571,45.560,61.905,77.477,92.664,96.396,1.425,5.087,0.894,16.805,26.230,27.718,29.003,29.272,86.497,96.123,97.460,98.529,99.599,99.866
132,33,3762,5.6,35.434,19.057,19.700,30.969,31.568,32.865,828.736,23.827,340.652,85.087,21.517,10.806,25.547,27.025,28.006,28.710,29.354,29.790,30.892,47.137,62.850,78.029,92.810,96.538,1.267,5.164,0.746,23.901,28.484,28.774,29.594,29.824,88.082,96.986,97.945,98.767,99.589,99.863
133,34,3752,5.6,35.509,18.061,19.600,29.375,31.293,32.935,866.406,23.240,337.122,88.953,22.485,9.915,23.645,27.114,28.174,28.954,29.702,30.063,27.907,45.349,61.483,77.326,92.587,96.366,3.247,7.785,16.256,20.521,22.543,23.946,29.439,29.954,87.281,90.789,93.713,96.491,98.977,99.561
134,34,3752,5.6,35.875,18.519,20.100,30.055,32.000,33.274,791.066,21.924,318.554,89.240,22.139,9.594,21.628,26.347,27.752,28.662,29.347,29.566,27.403,45.337,61.549,77.331,92.539,96.413,3.475,8.291,16.606,21.382,23.473,28.600,29.374,29.717,87.153,90.803,93.869,96.496,98.832,99.562
135,34,3752,5.6,35.571,18.464,20.100,29.871,31.699,32.992,791.066,21.913,318.103,93.466,22.370,8.718,17.614,26.111,27.407,28.472,29.286,29.584,25.284,44.318,60.938,76.989,92.472,96.307,2.880,7.462,16.468,20.555,22.690,24.583,29.504,29.752,88.937,91.994,94.614,97.089,99.127,99.563
136,34,3752,5.6,35.358,18.479,18.800,30.217,31.500,32.795,809.901,22.014,318.316,95.745,22.559,7.396,17.244,25.033,26.623,27.424,28.407,28.722,22.074,42.021,59.441,76.064,92.287,96.144,2.896,7.435,17.276,20.737,22.537,25.018,28.201,29.110,88.694,91.790,94.482,96.904,99.058,99.596
137,35,3776,7.2,35.323,20.345,22.900,31.983,34.391,35.602,715.726,24.232,363.146,90.797,24.839,9.781,22.200,29.617,30.208,30.641,31.349,31.586,25.253,43.210,59.820,76.207,92.256,96.184,3.417,8.501,16.914,22.804,25.751,27.055,31.128,31.380,87.893,91.269,94.063,96.624,98.952,99.534
138,35,3776,7.2,34.721,19.635,21.900,31.582,33.696,34.995,809.901,25.332,375.541,91.390,25.684,9.006,22.330,29.698,30.614,31.177,31.957,32.357,21.903,42.296,59.215,75.831,92.145,96.073,3.567,8.709,20.073,23.497,25.941,26.937,29.177,31.902,87.577,90.798,93.712,96.319,98.926,99.540
145,37,3776,7.4,34.840,20.405,21.800,31.851,33.350,35.373,828.736,27.892,414.106,98.718,29.727,5.407,24.360,31.287,32.071,32.655,33.436,33.722,15.210,36.072,54.837,73.193,91.259,95.688,4.124,9.409,18.595,24.861,27.182,28.147,33.010,33.396,86.209,89.915,93.074,96.051,98.785,99.453
146,37,3776,7.4,34.319,19.547,21.200,30.873,32.857,34.844,847.571,26.393,385.391,97.160,26.843,6.846,21.263,29.254,30.757,31.402,32.211,32.587,17.489,39.910,57.698,75.037,91.779,95.964,2.798,7.824,15.016,23.205,25.921,27.853,32.038,32.661,90.076,93.130,95.267,97.405,99.237,99.695
147,37,3776,7.4,33.782,19.696,21.000,31.232,32.688,34.298,847.571,26.520,386.804,98.532,27.776,5.569,22.464,29.473,30.463,31.140,31.884,32.142,15.859,37.298,55.800,73.862,91.483,95.742,1.858,6.369,14.894,22.623,26.003,27.153,31.441,32.010,93.205,95.256,96.795,98.205,99.487,99.744
153,39,3776,7.4,33.997,19.953,20.900,31.565,32.623,34.517,809.901,26.127,383.552,92.401,26.789,9.031,23.369,30.413,31.109,31.639,32.340,32.626,22.023,40.561,57.986,75.073,91.820,95.934,2.746,8.057,23.070,25.544,26.565,27.246,31.976,32.666,90.891,93.143,95.245,97.297,99.199,99.600
154,39,3776,7.4,34.114,18.976,21.000,30.769,32.688,34.635,866.406,25.749,376.602,97.554,27.686,6.378,22.563,29.751,30.537,31.107,31.839,32.229,17.166,37.537,55.884,73.851,91.438,95.782,1.786,6.513,18.745,24.857,26.128,29.298,31.910,32.539,94.067,95.604,97.012,98.335,99.488,99.744
155,39,3776,7.4,33.838,20.168,21.400,31.895,32.942,34.355,828.736,27.005,397.482,98.275,28.130,5.924,23.029,30.211,30.818,31.277,31.850,32.156,16.457,36.923,55.338,73.427,91.282,95.664,1.812,6.492,21.482,25.042,26.404,27.278,30.487,31.888,93.877,95.371,96.818,98.168,99.470,99.759
156,39,3776,7.4,33.729,20.733,21.600,32.407,33.067,34.245,809.901,27.704,410.236,95.410,27.460,7.151,23.280,29.952,30.435,30.923,31.421,31.672,18.359,37.691,55.911,73.853,91.377,95.828,4.052,9.310,20.376,24.428,25.826,26.912,30.740,31.141,86.163,89.586,92.867,96.006,98.716,99.429
158,40,3684,7.2,34.420,19.986,21.000,31.169,32.315,34.692,791.066,25.376,369.574,77.670,21.203,12.266,22.592,28.617,29.533,30.247,31.160,31.570,35.049,50.777,65.340,79.515,93.350,96.748,2.627,7.222,3.460,21.962,24.361,26.734,30.841,31.414,90.095,93.066,95.317,97.344,99.190,99.595
159,40,3684,7.2,34.061,19.048,20.100,30.295,31.544,34.330,828.736,24.372,352.664,79.377,19.680,11.959,19.032,27.723,29.087,29.969,31.076,31.504,36.721,53.757,67.549,80.871,93.809,96.968,2.574,6.513,1.362,16.646,23.130,25.073,30.250,31.242,78.869,92.642,95.110,97.263,99.192,99.596
160,40,3684,7.2,33.812,19.046,20.700,30.384,32.063,34.079,772.231,22.562,326.626,74.033,19.891,13.307,23.161,29.355,30.211,30.973,31.845,32.198,40.442,54.807,68.177,81.215,93.923,97.017,2.843,7.372,5.880,22.339,25.206,26.674,28.677,29.652,88.268,92.434,94.846,97.039,99.123,99.561
161,41,2337,5.1,33.045,18.133,18.600,27.693,28.107,29.492,791.066,20.732,276.304,90.516,21.201,7.683,21.703,23.503,24.552,25.392,26.414,26.708,22.449,41.176,58.703,75.750,92.197,96.158,0.577,3.752,23.196,25.831,26.603,26.788,27.066,27.758,98.051,98.538,99.026,99.391,99.878,100.000
162,41,2337,5.1,32.717,17.389,18.800,27.167,28.228,29.199,847.571,20.606,274.470,94.837,21.134,6.661,20.554,23.077,24.020,24.808,25.687,26.033,21.033,39.962,57.935,75.143,91.969,96.176,1.202,5.325,24.545,25.329,25.642,25.996,26.220,26.340,95.922,96.893,97.864,98.641,99.612,99.806
163,41,2337,5.1,32.786,17.512,18.300,27.140,27.922,29.260,791.066,19.515,259.105,91.424,21.147,7.462,21.218,23.610,24.445,25.039,25.767,26.101,21.955,40.652,58.319,75.300,91.938,96.055,0.110,1.417,0.057,23.461,23.461,24.813,24.813,24.813,82.902,99.827,99.827,100.000,100.000,100.000
164,41,2337,5.1,33.144,17.737,18.500,27.312,28.046,29.580,772.231,19.521,259.605,92.700,21.693,7.564,22.384,24.289,24.997,25.672,26.432,26.683,22.093,40.568,58.140,75.258,91.925,95.995,0.165,1.838,0.082,25.053,26.337,26.645,27.190,27.190,89.463,99.602,99.735,99.867,100.000,100.000
165,42,2335,5.1,32.287,16.602,17.800,26.315,27.496,28.815,866.406,19.244,253.613,78.266,17.819,10.464,21.550,23.989,24.918,25.570,26.368,26.796,35.664,51.003,65.528,79.621,93.388,96.748,0.965,4.665,15.438,25.346,25.791,26.322,26.973,27.093,96.602,97.427,98.204,98.932,99.660,99.854
166,42,2335,5.1,32.142,17.100,17.500,26.887,27.269,28.686,791.066,18.328,241.938,85.376,19.490,9.574,22.480,24.253,25.067,25.791,26.699,26.995,30.196,46.784,62.627,77.928,92.823,96.479,0.966,4.705,13.971,26.045,26.423,26.860,27.170,27.410,96.703,97.527,98.214,98.970,99.657,99.863
167,42,2335,5.1,32.820,16.698,18.000,26.328,27.644,29.291,847.571,19.120,251.758,82.066,18.499,10.114,22.239,24.093,24.880,25.645,26.430,26.805,33.357,49.211,64.275,78.910,93.185,96.628,0.717,3.875,3.734,21.214,26.065,26.680,27.079,27.356,97.131,98.132,98.666,99.266,99.800,99.933
168,42,2335,5.1,31.947,16.660,17.900,26.440,26.500,28.511,847.571,18.804,247.434,78.382,18.082,10.575,22.360,24.176,25.077,25.723,26.512,26.940,35.147,50.537,65.211,79.456,93.343,96.707,0.523,3.393,8.696,23.919,26.083,26.466,27.426,27.451,98.051,98.628,99.061,99.422,99.856,99.928
175,44,2337,4.8,32.595,17.545,18.300,26.840,27.389,28.311,885.241,21.655,282.651,86.232,20.154,8.585,20.610,23.180,24.348,25.294,26.263,26.653,25.463,43.671,60.622,76.832,92.524,96.299,0.554,3.660,24.338,25.727,25.999,26.499,27.061,27.081,98.117,98.569,99.021,99.398,99.849,99.925
176,44,2337,4.8,33.013,18.156,18.600,27.180,27.552,28.674,847.571,22.271,291.303,83.981,20.617,9.331,21.721,24.126,25.368,26.326,27.309,27.625,26.780,44.660,61.327,77.265,92.557,96.359,0.151,1.748,0.081,25.464,27.232,27.742,27.942,27.942,80.731,99.668,99.751,99.917,100.000,100.000
177,45,2337,4.8,33.553,18.700,19.100,27.534,27.894,29.143,828.736,23.012,301.719,86.623,20.918,8.751,21.710,23.906,25.087,26.114,27.140,27.524,25.103,43.353,60.363,76.713,92.486,96.284,0.252,2.385,0.130,26.680,27.022,27.659,27.841,28.438,95.226,99.414,99.581,99.749,99.916,100.000
181,46,3500,10,35.199,21.289,23.900,31.785,34.830,37.934,828.736,31.319,475.769,95.389,29.304,7.836,28.484,30.867,32.238,33.305,34.620,35.118,18.445,38.076,56.522,74.440,91.700,95.916,6.768,12.728,23.236,30.829,32.611,33.754,34.882,35.297,80.761,85.906,90.157,94.183,98.098,99.105
182,46,3500,10,35.043,21.723,23.900,32.063,34.830,37.766,828.736,32.318,487.087,95.281,28.844,7.963,28.832,30.534,31.720,32.708,33.959,34.449,18.675,37.952,56.426,74.398,91.667,95.884,7.204,12.793,22.383,30.500,32.689,33.558,34.594,35.028,79.335,84.943,89.408,93.769,98.027,99.065
183,46,3500,10,34.313,22.507,24.200,33.264,35.086,36.978,772.231,31.599,481.959,87.522,27.288,10.846,29.344,31.069,32.187,33.065,33.976,34.310,23.886,41.889,59.180,75.936,92.157,96.078,5.202,11.632,25.941,31.511,33.065,33.767,34.446,34.680,85.584,89.234,92.518,95.620,98.540,99.270
184,46,3500,10,33.696,21.172,22.600,32.004,33.678,36.313,885.241,32.152,483.374,95.191,28.645,7.877,29.005,30.740,31.694,32.395,33.286,33.639,18.789,37.845,56.189,74.087,91.541,95.815,7.036,12.905,24.683,31.440,32.361,32.949,33.639,33.898,80.055,84.995,89.478,93.779,97.987,98.994
185,47,3500,10,32.404,21.558,23.000,32.495,33.701,34.922,809.901,30.096,449.563,96.777,29.203,6.197,28.228,29.889,30.895,31.842,32.765,33.150,15.332,35.352,54.492,73.145,91.211,95.703,6.126,11.912,22.138,29.851,31.523,32.349,33.138,33.402,81.946,86.660,90.672,94.483,98.195,99.097
186,47,3500,10,33.251,22.245,24.200,32.716,34.496,35.833,753.396,30.209,450.486,91.712,28.132,9.068,28.514,30.217,31.517,32.502,33.480,33.990,19.820,38.919,57.117,74.775,91.892,96.036,5.879,11.994,24.362,29.912,32.024,33.191,34.040,34.304,83.060,87.432,91.257,94.900,98.361,99.271
187,47,3500,10,33.342,22.093,23.600,32.890,34.105,35.932,828.736,32.643,491.327,89.676,27.202,10.295,29.249,30.845,31.709,32.520,33.370,33.713,23.038,41.126,58.447,75.427,91.980,96.075,4.678,10.834,22.647,30.742,32.052,32.841,33.652,33.966,86.477,90.009,92.937,95.866,98.708,99.397
188,47,3500,10,33.167,22.614,23.600,33.153,34.105,35.744,809.901,33.066,494.681,89.781,28.556,9.948,29.683,31.536,32.412,33.305,34.032,34.517,20.985,39.599,57.482,74.818,91.788,95.985,5.394,11.944,25.515,32.508,33.346,33.878,34.624,34.761,85.261,88.993,92.164,95.336,98.507,99.254
189,48,3500,10,33.039,20.751,22.900,31.402,34.039,35.605,809.901,28.410,424.258,96.353,28.569,6.314,27.811,29.215,30.278,31.250,32.241,32.631,15.547,35.509,54.702,73.321,91.363,95.777,4.800,10.576,22.007,28.659,30.539,31.437,32.246,32.776,85.259,89.243,92.430,95.618,98.606,99.402
190,48,3500,10,33.710,21.076,23.100,31.782,34.228,36.329,772.231,27.887,418.406,96.951,28.855,6.024,28.175,29.430,30.291,31.232,32.276,32.636,15.041,34.959,54.472,73.171,91.260,95.732,6.066,12.040,23.259,30.393,31.232,31.963,32.523,32.852,82.402,86.749,90.683,94.410,98.344,99.172
191,48,3500,10,33.947,21.858,23.400,32.803,34.000,36.584,809.901,31.047,470.474,96.689,29.673,6.488,28.803,30.585,31.717,32.661,33.767,34.226,16.083,35.951,55.061,73.510,91.391,95.743,5.680,11.734,22.788,29.512,32.028,33.261,34.363,34.704,83.556,87.954,91.587,95.029,98.375,99.235
192,48,3500,10,34.195,22.637,22.900,33.721,34.039,36.851,809.901,32.945,503.636,93.194,29.821,8.658,30.023,31.576,32.567,33.488,34.640,35.546,18.150,37.522,56.021,74.171,91.623,95.986,5.596,11.822,23.632,30.230,33.024,33.772,35.044,35.260,84.258,88.372,91.950,95.170,98.569,99.284
193,49,3500,10,34.422,22.664,23.900,35.021,35.935,37.096,828.736,33.852,542.303,91.844,30.330,10.021,32.758,33.721,34.253,34.750,35.318,35.575,20.559,38.771,56.648,74.302,91.508,95.866,8.136,13.720,28.509,30.127,30.838,34.253,35.291,35.513,77.328,82.794,88.158,93.117,97.773,98.887
194,49,3500,10,34.855,23.745,24.400,35.659,36.231,37.563,791.066,35.488,567.333,84.409,29.085,13.384,31.964,35.378,35.974,36.575,37.302,37.607,27.408,44.191,60.477,76.564,92.354,96.226,9.810,15.230,31.049,32.105,33.037,36.172,37.290,37.673,74.216,80.384,86.451,92.113,97.472,98.787
195,49,3500,10,34.223,22.329,22.900,34.878,35.316,36.882,791.066,31.313,502.047,93.149,29.619,9.088,29.896,32.463,33.218,33.727,34.504,34.778,19.751,38.434,56.495,74.199,91.548,95.819,7.842,13.354,27.552,29.189,30.296,33.475,34.524,34.885,77.560,83.081,88.335,93.143,97.774,98.931
196,49,3500,10,33.297,21.805,22.300,34.530,34.500,35.884,828.736,31.106,497.740,92.869,27.294,9.546,25.653,31.104,31.806,32.347,32.935,33.226,22.581,40.747,58.065,75.212,91.851,95.925,4.438,10.273,25.136,27.192,28.111,32.254,33.058,33.276,86.423,89.781,92.993,96.058,98.686,99.416
197,50,3801,10.1,36.375,23.814,25.400,35.983,37.192,39.255,791.066,36.609,649.735,95.321,33.596,8.014,33.271,35.348,36.133,36.734,37.560,37.887,16.464,35.875,54.766,73.137,91.161,95.667,5.531,12.147,26.512,31.092,32.416,35.879,37.529,38.129,85.106,88.830,92.376,95.567,98.582,99.291
198,50,3801,10.1,35.921,23.540,25.100,36.121,37.045,38.765,791.066,35.156,620.614,95.379,33.067,7.882,33.481,34.923,35.501,36.117,36.651,36.919,16.451,35.675,54.529,73.013,91.128,95.564,5.513,12.062,27.641,30.426,31.623,33.191,36.801,36.883,84.733,88.550,92.176,95.611,98.664,99.427
199,50,3801,10.1,35.237,23.328,24.700,35.894,36.843,38.027,809.901,35.265,618.200,97.848,32.750,6.302,32.686,33.778,34.440,34.954,35.865,36.270,14.735,34.437,53.642,72.517,91.060,95.530,4.558,10.955,27.050,29.434,30.475,34.499,35.657,36.273,87.169,90.344,93.386,96.164,98.810,99.471
200,50,3801,10.1,34.993,22.756,24.000,35.425,36.479,37.764,772.231,32.134,559.232,98.192,31.626,5.194,31.413,32.271,32.833,33.392,34.059,34.301,13.701,33.587,52.997,72.122,90.866,95.433,6.737,12.584,25.188,28.696,30.278,33.584,34.254,34.479,80.481,85.385,90.000,94.135,98.077,99.038
201,51,3801,10.1,34.466,22.702,23.200,34.607,35.145,37.195,866.406,35.526,601.554,96.812,28.303,5.559,28.627,29.310,29.705,30.069,30.511,30.715,14.493,34.010,53.237,72.174,90.821,95.459,9.159,12.751,22.207,25.616,27.063,30.030,30.555,30.830,70.165,77.745,84.742,91.059,97.085,98.542
202,51,3801,10.1,35.314,23.586,24.800,35.052,36.080,38.110,809.901,36.237,623.641,96.552,31.423,6.056,31.596,32.244,32.669,33.166,33.751,33.967,13.966,33.621,52.931,72.069,90.862,95.517,7.087,12.325,23.599,27.307,28.732,32.513,33.838,34.089,78.445,84.099,89.046,93.816,98.057,99.117
203,51,3801,10.1,34.886,23.153,25.100,34.881,36.246,37.648,885.241,38.188,655.645,96.134,33.451,7.151,33.140,34.626,35.371,36.116,36.924,37.226,15.290,34.974,54.130,72.759,91.037,95.606,6.434,12.577,25.876,29.987,31.487,33.603,36.883,37.248,82.103,86.531,90.775,94.834,98.339,99.262
205,52,3503,10,34.653,22.384,24.500,33.793,35.578,37.344,828.736,33.671,541.891,96.379,31.483,6.866,30.900,32.396,33.166,34.083,35.165,35.697,15.345,35.172,54.310,73.103,91.379,95.690,3.302,9.416,24.632,27.491,30.535,33.970,34.911,35.510,90.357,92.857,95.179,97.321,99.107,99.643
206,52,3503,10,34.212,22.057,23.200,33.673,34.694,36.869,791.066,30.822,491.642,96.825,30.243,5.925,29.052,30.571,31.652,32.637,33.738,34.117,14.462,34.744,54.145,73.016,91.182,95.767,1.509,6.492,24.841,27.490,30.237,32.597,33.956,34.135,95.644,96.733,97.822,98.730,99.637,99.819
207,52,3503,10,33.610,21.488,22.900,33.048,34.481,36.220,791.066,29.292,460.136,96.189,29.222,6.321,28.801,30.002,30.710,31.424,32.230,32.494,14.882,34.664,53.902,72.777,91.107,95.644,2.470,8.160,24.343,30.116,30.924,31.450,32.104,32.309,92.791,94.640,96.118,97.782,99.261,99.630
209,53,2360,10.2,34.039,21.811,22.300,34.134,34.620,36.783,866.406,32.806,532.842,98.182,30.462,4.987,29.461,30.947,31.661,32.181,32.899,33.244,13.583,33.583,53.048,72.193,90.909,95.508,5.272,11.405,25.500,31.081,31.817,32.243,32.960,33.174,84.792,88.621,91.904,95.295,98.468,99.234
210,53,2360,10.2,34.623,22.151,23.300,34.190,35.000,37.414,885.241,34.847,568.766,98.046,32.186,5.243,31.150,32.508,33.295,33.929,34.680,34.920,13.321,33.393,52.931,72.114,90.941,95.560,7.599,13.482,26.574,32.693,33.643,34.307,34.967,35.275,79.279,84.505,89.009,93.514,98.018,99.099
211,53,2360,10.2,35.412,23.114,23.600,34.998,35.544,38.266,828.736,35.532,589.729,93.109,31.478,8.765,32.229,33.485,34.222,34.745,35.395,35.660,17.311,36.471,55.126,73.277,91.261,95.798,3.155,9.477,26.544,29.020,34.395,35.054,35.802,35.916,91.438,93.664,95.548,97.432,99.144,99.658
212,53,2360,10.2,34.785,23.728,24.400,35.494,36.080,37.589,809.901,36.211,602.091,94.799,32.081,8.057,32.292,33.626,34.494,34.989,35.658,35.936,16.275,35.738,54.530,72.987,91.107,95.638,3.032,9.523,27.752,34.000,34.717,35.035,35.740,35.911,92.091,94.025,95.782,97.540,99.297,99.649
213,54,3503,7.5,34.009,20.202,21.100,32.175,33.026,34.649,791.066,25.616,393.216,86.231,25.220,10.485,28.087,29.235,29.961,30.614,31.419,31.748,24.613,42.169,59.208,75.904,92.255,96.213,7.301,12.153,22.885,25.456,27.152,30.360,31.666,32.020,76.573,82.692,88.112,93.182,97.902,98.951
214,54,3503,7.5,33.701,20.120,20.700,31.824,32.653,34.335,753.396,24.191,366.178,82.278,23.104,11.288,27.030,28.416,29.149,29.812,30.790,31.058,29.114,45.570,61.646,77.342,92.658,96.329,6.781,11.612,21.359,24.568,27.620,29.741,30.992,31.254,77.608,83.470,88.746,93.435,97.890,98.945
215,54,3503,7.5,34.865,19.958,21.200,31.687,32.500,35.521,715.726,22.984,353.616,84.098,24.785,11.403,27.742,30.001,30.670,31.411,32.319,32.637,27.869,44.590,60.984,76.885,92.459,96.393,5.971,11.349,22.448,26.071,27.191,31.115,31.958,32.637,81.000,85.833,90.333,94.500,98.333,99.167
216,54,3503,7.5,34.020,19.815,20.700,31.507,32.653,34.660,772.231,24.371,372.089,84.761,24.602,11.466,24.139,30.344,31.047,31.731,32.484,32.843,28.586,45.518,61.554,77.191,92.530,96.315,7.689,12.361,22.675,25.612,27.220,31.313,32.308,32.960,75.375,81.782,87.588,92.893,97.698,98.899
217,55,2360,6.6,34.979,18.367,20.200,29.306,32.000,34.369,866.406,23.880,348.222,88.268,24.172,10.115,22.551,28.627,29.683,30.438,31.520,32.034,25.978,44.320,60.801,76.909,92.551,96.369,7.033,11.367,20.901,23.725,25.260,26.658,31.204,31.864,75.617,81.879,87.571,92.979,97.818,98.956
218,55,2360,6.6,35.640,19.545,21.000,30.450,32.271,35.019,753.396,23.389,347.846,87.894,22.859,10.526,20.671,27.937,29.114,29.962,31.187,31.660,28.524,46.434,62.355,77.944,92.869,96.517,7.581,11.837,22.261,24.331,25.757,28.030,31.355,31.751,74.411,80.976,87.037,92.761,97.643,98.822
219,55,2360,6.6,35.570,18.502,21.300,29.148,32.542,34.950,809.901,23.068,340.750,81.260,22.466,11.848,24.297,28.572,29.824,30.801,31.880,32.350,31.811,48.661,63.937,78.740,93.228,96.693,5.124,10.196,20.031,22.952,24.740,27.329,32.231,32.745,82.287,87.029,91.213,95.258,98.466,99.303
220,55,2360,6.6,34.490,18.069,20.500,28.977,31.810,33.888,904.075,24.217,351.798,85.892,23.273,10.749,24.489,28.219,29.263,30.086,31.101,31.416,28.382,45.560,61.743,77.427,92.614,96.349,7.098,11.267,20.525,23.187,24.552,26.428,30.983,31.366,74.958,81.407,87.353,92.965,97.739,98.911
221,56,3616,6.6,34.627,18.769,19.900,31.263,32.338,34.023,847.571,24.004,365.816,82.136,21.725,11.973,25.611,28.907,29.663,30.164,30.916,31.184,33.984,49.487,64.374,78.850,93.121,96.612,1.471,6.259,21.767,29.989,30.468,30.791,31.258,31.543,95.588,96.744,97.689,98.634,99.580,99.790
222,56,3616,6.6,34.467,18.930,19.900,31.351,32.338,33.866,809.901,23.259,354.234,81.818,21.630,11.866,25.877,28.315,29.123,29.781,30.803,31.198,33.523,49.242,64.205,78.977,93.182,96.780,3.033,8.883,28.690,29.467,29.781,30.257,31.109,31.754,91.098,93.182,95.076,97.159,99.242,99.621
223,56,3616,6.6,34.646,19.455,20.800,31.793,32.982,34.042,791.066,23.913,365.482,72.912,20.856,13.259,27.406,29.040,29.777,30.358,31.171,31.563,37.271,51.935,65.988,80.041,93.483,96.741,4.221,10.430,28.947,30.032,30.508,31.014,31.678,31.908,87.705,90.574,93.443,96.107,98.770,99.385
224,56,3616,6.6,34.782,19.433,20.700,31.795,32.912,34.176,809.901,24.455,373.879,83.168,22.204,11.853,23.091,29.122,30.099,30.722,31.704,32.063,33.223,49.285,64.246,78.878,93.179,96.590,2.897,8.782,23.714,30.434,31.191,31.739,32.131,32.291,91.630,93.612,95.485,97.357,99.119,99.559
225,57,2338,4.7,29.490,16.657,17.300,24.276,24.636,25.364,885.241,19.630,236.499,94.531,19.801,5.739,18.303,20.907,22.135,22.863,23.733,24.020,18.945,38.867,57.227,74.805,91.797,96.094,0.055,0.979,0.061,22.059,22.059,22.059,22.059,22.059,94.882,100.000,100.000,100.000,100.000,100.000
226,57,2338,4.7,29.195,16.776,17.000,24.436,24.521,25.110,847.571,18.837,227.298,90.783,18.706,6.775,18.366,20.708,21.888,22.516,23.240,23.607,22.435,41.391,58.957,75.826,92.174,96.174,0.004,0.018,0.015,0.035,0.052,0.090,0.171,0.202,92.199,95.745,97.872,99.113,99.823,100.000
227,57,2338,4.7,29.172,16.925,17.200,24.403,24.598,25.090,828.736,18.742,225.185,82.961,17.879,8.352,19.137,21.229,22.348,22.948,23.739,24.016,27.383,45.233,61.460,77.282,92.698,96.349,0.413,2.970,17.477,23.461,23.675,23.834,24.674,24.674,98.569,98.978,99.182,99.591,100.000,100.000
228,57,2338,4.7,29.680,17.391,18.100,24.603,24.926,25.527,809.901,19.451,233.541,95.063,20.489,6.028,19.717,22.177,22.936,23.582,24.481,24.854,19.643,38.971,57.143,74.685,91.807,96.008,0.936,4.623,23.441,24.036,24.307,24.601,25.104,25.214,96.559,97.419,98.172,98.925,99.677,99.892
229,58,2338,4.7,30.241,17.327,18.100,25.181,25.419,26.009,828.736,19.783,242.815,85.229,18.748,8.275,20.004,21.868,22.912,23.684,24.604,24.948,26.275,44.183,60.915,76.993,92.549,96.340,0.508,3.322,9.653,23.917,24.347,24.956,25.099,25.367,98.140,98.605,99.070,99.419,99.884,100.000
230,58,2338,4.7,30.139,16.857,18.000,24.929,25.391,25.922,828.736,18.882,231.794,86.524,17.937,8.165,18.783,21.458,22.470,23.225,24.080,24.366,28.021,45.561,61.818,77.540,92.727,96.471,0.346,2.718,21.976,23.626,23.773,23.989,24.583,25.641,98.798,99.016,99.344,99.672,99.891,100.000
231,58,2338,4.7,29.658,16.364,16.700,24.854,25.005,25.507,847.571,17.947,221.877,89.516,17.911,7.413,17.799,20.886,21.904,22.547,23.353,23.607,25.806,44.052,60.786,76.815,92.540,96.270,0.216,2.077,0.138,22.178,23.378,23.488,23.648,23.648,96.587,99.380,99.586,99.793,100.000,100.000
232,58,2338,4.7,29.883,17.098,17.600,25.049,25.278,25.701,828.736,19.237,236.145,87.041,18.243,7.858,19.000,21.301,22.328,23.133,23.885,24.241,26.224,44.184,60.918,77.041,92.551,96.327,0.195,2.034,0.131,23.402,24.148,24.150,25.034,25.034,97.730,99.484,99.690,99.794,100.000,100.000
233,59,2333,4.7,31.458,16.318,17.300,25.182,25.932,27.056,828.736,17.798,220.685,92.520,19.276,7.032,15.404,21.775,23.185,24.005,24.938,25.301,23.228,43.307,60.433,76.772,92.520,96.260,1.887,5.884,14.238,15.919,24.024,24.934,25.497,26.077,91.699,94.208,96.332,97.876,99.421,99.807
234,59,2333,4.7,30.961,16.222,17.100,25.156,25.822,26.628,866.406,18.221,225.701,85.131,18.391,8.927,16.919,22.768,23.844,24.625,25.388,25.766,30.193,47.333,63.110,78.207,92.963,96.481,2.037,6.188,15.861,18.161,21.290,24.853,25.719,25.864,91.402,93.757,95.995,97.644,99.293,99.647
235,59,2333,4.7,31.180,17.145,17.500,25.788,26.040,26.816,828.736,19.254,239.042,79.501,17.602,9.850,21.472,22.893,23.716,24.428,25.123,25.445,33.403,49.220,64.308,78.876,93.132,96.670,2.672,7.177,15.700,22.453,24.428,24.958,25.542,25.627,89.323,92.495,94.715,96.934,99.049,99.577
236,59,2333,4.7,31.268,16.460,17.000,25.286,26.500,26.893,847.571,18.402,228.189,86.145,18.350,8.622,18.672,22.407,23.406,24.058,24.929,25.217,29.217,46.386,62.349,77.811,92.771,96.486,2.673,7.160,14.962,23.012,24.391,24.833,25.237,25.464,89.375,92.500,94.688,96.875,98.958,99.479